1 0 0
2 0 1
3 0 2
4 1 0
5 1 1
6 1 2
7 2 0
8 2 1
9 2 2
10 3 0
11 3 1
12 3 2
13 4 0
14 4 1
15 5 0
16 5 2
17 6 1
18 7 0
19 7 1
20 7 2
21 8 1
22 9 1
23 10 0
24 10 2
25 11 1
26 12 1
27 13 0
28 13 2
29 14 1
30 15 0
31 15 1
32 16 0
33 16 1
34 17 0
35 17 1
36 18 0
37 18 1
38 19 0
39 19 1
40 20 0
41 20 1
42 21 0
43 21 1
44 22 0
45 22 1
46 23 0
47 23 1
1 111100100
2 111000000
3 111001001
4 100100100
5 000000000
6 001001001
7 100100111
8 000000111
9 001001111
10 111100101
11 111000111
12 111001101
13 101101101
14 111101111
15 101100111
16 101001111
17 111101101
18 111100111
19 101000101
20 111001111
21 101101111
22 111000101
23 101100101
24 101001101
25 101000111
26 000000101
27 001000001
28 100000100
29 101000000
30 000000001
31 000000100
32 001000000
33 100000000
34 100100101
35 001001101
36 101100100
37 101001001
38 111000001
39 111000100
40 001000111
41 100000111
42 101000100
43 101000001
44 100000101
45 001000101
46 100000001
47 001000100
